0.003012 0.003991 0.004966 0.005806 0.006377 0.006579 0.006377 0.005806 0.004966 0.003991 0.003012 
0.003991 0.005287 0.006579 0.007692 0.008448 0.008716 0.008448 0.007692 0.006579 0.005287 0.003991 
0.004966 0.006579 0.008188 0.009573 0.010514 0.010847 0.010514 0.009573 0.008188 0.006579 0.004966 
0.005806 0.007692 0.009573 0.011192 0.012292 0.012682 0.012292 0.011192 0.009573 0.007692 0.005806 
0.006377 0.008448 0.010514 0.012292 0.013500 0.013928 0.013500 0.012292 0.010514 0.008448 0.006377 
0.006579 0.008716 0.010847 0.012682 0.013928 0.014371 0.013928 0.012682 0.010847 0.008716 0.006579 
0.006377 0.008448 0.010514 0.012292 0.013500 0.013928 0.013500 0.012292 0.010514 0.008448 0.006377 
0.005806 0.007692 0.009573 0.011192 0.012292 0.012682 0.012292 0.011192 0.009573 0.007692 0.005806 
0.004966 0.006579 0.008188 0.009573 0.010514 0.010847 0.010514 0.009573 0.008188 0.006579 0.004966 
0.003991 0.005287 0.006579 0.007692 0.008448 0.008716 0.008448 0.007692 0.006579 0.005287 0.003991 
0.003012 0.003991 0.004966 0.005806 0.006377 0.006579 0.006377 0.005806 0.004966 0.003991 0.003012 
